日期,自營商多,自營商空,自營商多空淨額,投信多,投信空,投信多空淨額,外資多,外資空,外資多空淨額
20210104,27483,5910,21573,12858,25023,-12165,47304,57524,-10220
20210105,28458,6224,22234,12852,25091,-12239,47213,58138,-10925
20210106,28872,7036,21836,12893,25013,-12120,47161,58291,-11130
20210107,29952,6675,23277,12945,23913,-10968,48671,61467,-12796
20210108,29659,6595,23064,12971,23137,-10166,51101,66427,-15326
20210111,31217,7287,23930,12994,23112,-10118,50064,68908,-18844
20210112,31890,8541,23349,12920,23119,-10199,52701,71902,-19201
20210113,31078,7378,23700,13051,22457,-9406,53259,74794,-21535
20210114,33241,8096,25145,13067,22699,-9632,49059,77177,-28118
20210115,32449,7733,24716,13029,22511,-9482,45754,70606,-24852
20210118,33041,6716,26325,12966,22616,-9650,48758,76741,-27983
20210119,32007,5739,26268,13225,21902,-8677,39270,69252,-29982
20210120,25776,4645,21131,13104,22325,-9221,33210,49927,-16717
20210121,26331,4736,21595,13036,21045,-8009,30347,50928,-20581
20210122,27528,4502,23026,13286,21602,-8316,29227,56778,-27551
20210125,28482,4817,23665,13142,21865,-8723,29970,59093,-29123
20210126,28718,5900,22818,12876,22833,-9957,30505,58009,-27504
20210127,27430,5862,21568,12761,22822,-10061,31457,59563,-28106
20210128,27533,6511,21022,12346,23259,-10913,31669,59476,-27807
20210129,28592,7686,20906,12070,24133,-12063,35390,52756,-17366
20210201,28105,7022,21083,12262,23356,-11094,34878,54502,-19624
20210202,28331,7458,20873,12566,21986,-9420,35017,53872,-18855
20210203,27890,5568,22322,12552,21984,-9432,29485,51227,-21742
20210204,28533,6519,22014,12539,22421,-9882,30951,51840,-20889
20210205,27939,5740,22199,12490,21986,-9496,33261,55922,-22661
20210217,24698,4244,20454,13015,20256,-7241,26950,43941,-16991
20210218,25192,3956,21236,13011,19733,-6722,26203,49352,-23149
20210219,25918,4415,21503,12860,19952,-7092,25014,46952,-21938
20210222,26423,3862,22561,12999,19936,-6937,23744,49931,-26187
20210223,26651,4493,22158,13013,19725,-6712,24750,52542,-27792
20210224,25769,4697,21072,12845,20380,-7535,24216,53364,-29148
20210225,25909,5080,20829,13261,19837,-6576,25137,53619,-28482
20210226,27163,7038,20125,13281,20842,-7561,26163,55598,-29435
20210302,27215,7314,19901,13238,21042,-7804,29050,53803,-24753
20210303,25960,6747,19213,13368,20496,-7128,26876,51837,-24961
20210304,26170,7232,18938,13386,21149,-7763,26287,50037,-23750
20210305,26515,7565,18950,13296,21575,-8279,26186,51881,-25695
20210308,26916,8409,18507,13247,21569,-8322,27958,48152,-20194
20210309,27834,8826,19008,13405,21373,-7968,26092,50017,-23925
20210310,26172,6794,19378,13400,21362,-7962,26178,47858,-21680
20210311,25512,6054,19458,13739,20291,-6552,24513,51651,-27138
20210312,26859,5796,21063,13748,20286,-6538,22916,51775,-28859
20210315,28255,6989,21266,13750,20290,-6540,24368,54673,-30305
20210316,27877,8088,19789,13950,20272,-6322,28249,55150,-26901
20210317,26272,3127,23145,13872,20288,-6416,21981,49331,-27350
20210318,26148,3684,22464,13896,20265,-6369,22522,49236,-26714
20210319,27759,4597,23162,13406,20311,-6905,22187,49580,-27393
20210322,27001,4236,22765,13467,19892,-6425,22377,47330,-24953
20210323,28479,4606,23873,14052,19891,-5839,21278,47255,-25977
20210324,28710,4864,23846,13898,20424,-6526,20568,48786,-28218
20210325,28127,4662,23465,13957,20424,-6467,21208,46313,-25105
20210326,27619,4177,23442,14273,19662,-5389,25493,48328,-22835
20210329,27812,4569,23243,14355,19645,-5290,25129,45470,-20341
20210330,27764,4797,22967,14314,19337,-5023,26057,45422,-19365
20210331,28076,5013,23063,14159,19555,-5396,23734,45113,-21379
20210401,26987,4539,22448,14099,19337,-5238,24704,44520,-19816
20210406,26632,4651,21981,14265,18797,-4532,25837,44958,-19121
20210407,27623,4387,23236,14169,18806,-4637,20909,43776,-22867
20210408,28302,4731,23571,14286,18480,-4194,21067,44429,-23362
20210409,28363,5242,23121,14344,18492,-4148,19040,44492,-25452
20210412,28292,5323,22969,14325,18494,-4169,18594,44566,-25972
20210413,29666,6006,23660,14163,18898,-4735,20222,45628,-25406
20210414,28556,4723,23833,14232,18901,-4669,19079,44249,-25170
20210415,28666,4673,23993,14287,18364,-4077,19026,43620,-24594
20210416,29576,4891,24685,14534,18147,-3613,19680,48530,-28850
20210419,28213,5766,22447,14706,17830,-3124,23072,47607,-24535
20210420,29716,6055,23661,14724,17842,-3118,22058,50890,-28832
20210421,25741,2565,23176,14316,18062,-3746,17137,43805,-26668
20210422,26587,3786,22801,14289,18267,-3978,16068,44802,-28734
20210423,25808,3245,22563,14362,18061,-3699,17390,46847,-29457
20210426,26265,3327,22938,14594,17418,-2824,17447,47933,-30486
20210427,27493,3705,23788,14610,17421,-2811,17716,49167,-31451
20210428,26737,2746,23991,14612,17423,-2811,15786,49127,-33341
20210429,27147,2758,24389,14623,17441,-2818,16667,48675,-32008
20210503,28492,4046,24446,14836,18114,-3278,17359,53610,-36251
20210504,28979,4585,24394,14824,18840,-4016,17741,57105,-39364
20210505,27135,4118,23017,14636,19346,-4710,16607,55361,-38754
20210506,26726,4421,22305,14767,19068,-4301,18536,52710,-34174
20210507,26223,3583,22640,15104,18411,-3307,17462,53492,-36030
20210510,26412,3063,23349,15148,18466,-3318,18507,56026,-37519
20210511,28260,4777,23483,14348,20125,-5777,22733,55251,-32518
20210512,27112,4725,22387,14303,22081,-7778,26374,51237,-24863
20210513,27569,5741,21828,14191,21690,-7499,26491,48283,-21792
20210514,26525,6839,19686,14360,21242,-6882,28580,44104,-15524
20210517,27226,6277,20949,14281,22708,-8427,26529,41935,-15406
20210518,26452,5641,20811,14967,20369,-5402,29854,49958,-20104
20210519,24202,2165,22037,14969,20373,-5404,20476,40557,-20081
20210520,25132,2801,22331,14661,20712,-6051,20968,39951,-18983
20210521,25482,3001,22481,14890,19944,-5054,20309,41629,-21320
20210524,25779,2806,22973,14964,19732,-4768,20432,44702,-24270
20210525,24588,3008,21580,15227,19068,-3841,20242,43186,-22944
20210526,24780,2842,21938,15375,19064,-3689,20711,43305,-22594
20210527,24668,2741,21927,15432,19277,-3845,19382,42736,-23354
20210528,24137,2790,21347,15674,18511,-2837,20427,44493,-24066
20210531,24327,3422,20905,15754,18284,-2530,20339,45091,-24752
20210601,26002,4766,21236,16472,17973,-1501,21907,47184,-25277
20210602,25969,5550,20419,17196,17976,-780,21800,46329,-24529
20210603,26432,5327,21105,17706,17976,-270,22313,47293,-24980
20210604,27358,6105,21253,18352,18401,-49,21797,49636,-27839
20210607,28370,6483,21887,18480,18445,35,21672,49036,-27364
20210608,28541,7130,21411,18535,18448,87,21029,49234,-28205
20210609,28958,4700,24258,18398,18878,-480,21243,49911,-28668
20210610,30280,4802,25478,18651,18188,463,19742,49414,-29672
20210611,29546,4357,25189,18833,18193,640,20388,49507,-29119
20210615,27610,3330,24280,19164,17861,1303,21584,52853,-31269
20210616,22940,3128,19812,19427,17862,1565,18165,47183,-29018
20210617,24455,3079,21376,19465,17859,1606,19049,52137,-33088
20210618,24422,3452,20970,19452,17874,1578,17862,49474,-31612
20210621,25421,4341,21080,19187,18537,650,19876,51350,-31474
20210622,25415,5973,19442,19114,18528,586,18175,49247,-31072
20210623,25518,7005,18513,19435,17781,1654,18706,51170,-32464
20210624,25093,7474,17619,19506,17767,1739,19912,51406,-31494
20210625,24206,6913,17293,19492,17569,1923,19251,48745,-29494
20210628,24002,7078,16924,19479,17353,2126,20029,50063,-30034
20210629,24190,6192,17998,19444,17353,2091,20989,50291,-29302
20210630,23953,6926,17027,19634,16912,2722,21787,50858,-29071
20210701,23513,5962,17551,19517,17125,2392,21337,51250,-29913
20210702,23942,6618,17324,19526,17123,2403,21386,50251,-28865
20210705,23681,7537,16144,19911,16577,3334,22294,50374,-28080
20210706,23619,7020,16599,19832,16577,3255,21759,50772,-29013
20210707,23187,6494,16693,19597,16796,2801,22642,50077,-27435
20210708,23619,6311,17308,19625,16792,2833,22156,49653,-27497
20210709,23255,6563,16692,19362,16910,2452,21564,50304,-28740
20210712,23224,7393,15831,19609,16470,3139,20711,49967,-29256
20210713,22648,8744,13904,19609,16468,3141,22679,50891,-28212
20210714,22123,6707,15416,18413,16468,1945,22147,49294,-27147
20210715,22649,6599,16050,18489,16138,2351,21305,49348,-28043
20210716,23731,6460,17271,18399,16356,2043,22340,51917,-29577
20210719,24873,6096,18777,18415,16504,1911,18425,52291,-33866
20210720,24868,5888,18980,18222,17156,1066,18414,54852,-36438
20210721,21836,4191,17645,18134,17305,829,16498,51703,-35205
20210722,21790,4648,17142,18252,17072,1180,17346,52533,-35187
20210723,21963,4958,17005,18123,16632,1491,17456,52819,-35363
20210726,23444,4926,18518,17561,16978,583,17606,52043,-34437
20210727,22555,5824,16731,17499,16980,519,17185,51925,-34740
20210728,21862,5152,16710,16865,18095,-1230,16149,47605,-31456
20210729,21698,5630,16068,17228,17319,-91,18698,47064,-28366
20210730,20897,5036,15861,17207,17539,-332,18212,46353,-28141
20210802,20098,4876,15222,17556,16987,569,19220,49031,-29811
20210803,20457,4558,15899,17485,16950,535,19320,47865,-28545
20210804,20118,4676,15442,17663,16726,937,20768,48086,-27318
20210805,19767,4651,15116,17657,16654,1003,19280,49563,-30283
20210806,20188,4605,15583,17520,16971,549,18997,47410,-28413
20210809,19931,5084,14847,17533,17387,146,19257,45605,-26348
20210810,20487,5702,14785,17380,17745,-365,19021,46943,-27922
20210811,19682,5289,14393,17358,17966,-608,16693,48400,-31707
20210812,19432,5213,14219,17371,17966,-595,17811,48300,-30489
20210813,20297,5895,14402,17314,18270,-956,17318,49400,-32082
20210816,19226,5583,13643,17191,18449,-1258,18458,46527,-28069
20210817,18508,5692,12816,17327,18789,-1462,18559,45680,-27121
20210818,16357,3928,12429,17474,18108,-634,14825,42218,-27393
20210819,16031,5066,10965,17034,19030,-1996,15824,39660,-23836
20210820,16510,5679,10831,16987,19238,-2251,16173,36813,-20640
20210823,17061,5960,11101,17443,18132,-689,17580,39793,-22213
20210824,16851,6524,10327,17544,17982,-438,18600,39772,-21172
20210825,16337,5936,10401,17739,17544,195,19667,40684,-21017
20210826,16803,5468,11335,17614,17542,72,17175,37104,-19929
20210827,15686,6394,9292,16783,17002,-219,17936,35507,-17571
20210830,16143,6830,9313,16953,16373,580,16685,35983,-19298
20210831,16050,7743,8307,17024,15857,1167,21774,40938,-19164
20210901,14876,6450,8426,17037,15845,1192,21897,42096,-20199
20210902,14118,6442,7676,16892,16069,823,21671,37476,-15805
20210903,14485,7603,6882,16771,15733,1038,20410,40226,-19816
20210906,14283,7961,6322,16744,15939,805,21392,37688,-16296
20210907,14822,8504,6318,15964,15944,20,20306,35886,-15580
20210908,13655,7043,6612,15677,16487,-810,20623,34820,-14197
20210909,14360,7182,7178,14941,16487,-1546,22436,34091,-11655
20210910,14890,7435,7455,15030,15989,-959,22919,37221,-14302
20210913,17000,8654,8346,15006,16104,-1098,22015,37418,-15403
20210914,15819,8487,7332,15112,16095,-983,23342,38710,-15368
20210915,16219,4844,11375,14244,16307,-2063,16495,31581,-15086
20210916,16879,4999,11880,14165,16528,-2363,15674,33671,-17997
20210917,16742,5989,10753,14217,16506,-2289,17970,34583,-16613
20210922,18394,5421,12973,12955,17206,-4251,16336,34164,-17828
20210923,18650,5621,13029,13094,16906,-3812,18329,34797,-16468
20210924,18225,5659,12566,13165,16528,-3363,19014,36477,-17463
20210927,18873,6373,12500,13176,16518,-3342,20034,39360,-19326
20210928,19190,6782,12408,12434,16640,-4206,18151,36597,-18446
20210929,19975,6369,13606,11987,17513,-5526,18110,36280,-18170
20210930,20433,6681,13752,12194,17186,-4992,20010,36741,-16731
20211001,21131,7293,13838,12100,18183,-6083,24484,37521,-13037
20211004,20901,7470,13431,12265,18200,-5935,25458,36615,-11157
20211005,21961,7282,14679,12618,18127,-5509,21656,38785,-17129
20211006,20787,5685,15102,12642,18125,-5483,23353,37095,-13742
20211007,20532,7268,13264,12949,17293,-4344,21783,40063,-18280
20211008,21460,7522,13938,12851,17514,-4663,19757,40901,-21144
20211012,22296,9066,13230,12734,17965,-5231,21797,37431,-15634
20211013,21171,8356,12815,12747,18099,-5352,20524,38960,-18436
20211014,20684,8064,12620,12783,18088,-5305,23632,39759,-16127
20211015,21145,7863,13282,13316,17122,-3806,23033,40683,-17650
20211018,21114,7831,13283,13423,17088,-3665,24078,43080,-19002
20211019,20330,8641,11689,13824,16754,-2930,22924,41130,-18206
20211020,18454,3602,14852,14047,16753,-2706,17323,34786,-17463
20211021,19478,3646,15832,12801,16738,-3937,19664,37827,-18163
20211022,19443,3358,16085,12719,16736,-4017,19291,39293,-20002
20211025,19523,3515,16008,12703,16738,-4035,19108,39136,-20028
20211026,19860,4960,14900,12776,16455,-3679,20112,42177,-22065
20211027,20457,3746,16711,12699,16452,-3753,19594,42260,-22666
20211028,20600,3852,16748,12583,16455,-3872,19933,42347,-22414
20211029,22083,4284,17799,12485,16619,-4134,19062,42904,-23842
20211101,22289,4549,17740,12580,16396,-3816,20227,42311,-22084
20211102,22463,5575,16888,12535,16507,-3972,21541,43984,-22443
20211103,21401,4389,17012,12592,16497,-3905,20790,42324,-21534
20211104,21452,4375,17077,12612,16176,-3564,20776,43873,-23097
20211105,21944,4045,17899,12650,15701,-3051,22740,44136,-21396
20211108,21427,4109,17318,12763,15481,-2718,24888,42343,-17455
20211109,20617,4158,16459,12714,15162,-2448,25784,39366,-13582
20211110,21292,3836,17456,12634,14882,-2248,23757,40270,-16513
20211111,20986,4481,16505,12592,14595,-2003,23348,41338,-17990
20211112,20371,4148,16223,12638,14588,-1950,25699,42670,-16971
20211115,19721,4221,15500,12616,14269,-1653,29454,45033,-15579
20211116,18962,5435,13527,12678,14267,-1589,29676,44739,-15063
20211117,17274,3451,13823,12770,14117,-1347,22930,38480,-15550
20211118,17291,3883,13408,12713,13956,-1243,24175,42115,-17940
20211119,17598,3718,13880,12583,13957,-1374,22931,42698,-19767
20211122,17656,4122,13534,12582,13957,-1375,26119,44775,-18656
20211123,18593,4469,14124,12442,14287,-1845,25391,44098,-18707
20211124,18151,4112,14039,12388,14287,-1899,26591,45556,-18965
20211125,18487,3966,14521,12376,14287,-1911,26150,46472,-20322
20211126,18179,4586,13593,12157,14940,-2783,25483,45526,-20043
20211129,17321,4546,12775,12207,14945,-2738,27290,45770,-18480
20211130,19546,4991,14555,12287,14972,-2685,25816,47610,-21794
20211201,18517,4812,13705,12410,14480,-2070,27067,48641,-21574
20211202,18076,5169,12907,12479,14320,-1841,25754,47612,-21858
20211203,18793,5126,13667,12481,14315,-1834,25658,47825,-22167
20211206,20154,6101,14053,12477,14317,-1840,26877,50907,-24030
20211207,20974,5968,15006,13726,14213,-487,25350,51568,-26218
20211208,18022,4102,13920,14295,14166,129,25001,50415,-25414
20211209,17793,4144,13649,14368,14171,197,25804,50404,-24600
20211210,18450,3966,14484,14425,14172,253,24508,50924,-26416
20211213,19017,4800,14217,14398,14382,16,27013,52763,-25750
20211214,20214,6095,14119,14556,14812,-256,26018,52546,-26528
20211215,16895,1969,14926,14959,14817,142,20890,46678,-25788
20211216,17043,1873,15170,15153,14378,775,21203,47733,-26530
20211217,16673,2408,14265,15184,14379,805,22015,47429,-25414
20211220,18173,2416,15757,14990,14663,327,21589,48231,-26642
20211221,18020,2951,15069,15173,14333,840,22106,47519,-25413
20211222,17966,2167,15799,15206,14323,883,21197,45391,-24194
20211223,18213,2192,16021,15039,14107,932,22282,46148,-23866
20211224,17674,2260,15414,15047,14107,940,23007,47663,-24656
20211227,17598,2451,15147,15038,13892,1146,25438,48898,-23460
20211228,17407,2919,14488,15120,13724,1396,27786,50379,-22593
20211229,17622,2489,15133,15194,13568,1626,29056,52147,-23091
20211230,17979,2345,15634,15287,13633,1654,27306,52462,-25156
20220103,18361,2641,15720,15356,13514,1842,26582,51758,-25176
20220104,19420,3025,16395,15524,13134,2390,27113,51817,-24704
20220105,19120,2736,16384,16039,13136,2903,27902,51989,-24087
20220106,17886,2973,14913,16069,13424,2645,28444,51581,-23137
20220107,18625,3762,14863,15960,13718,2242,25367,51976,-26609
20220110,19386,3732,15654,16080,13544,2536,25419,50850,-25431
20220111,20127,3695,16432,16091,13590,2501,23945,52262,-28317
20220112,19409,2479,16930,16250,13682,2568,23031,51460,-28429
20220113,18412,3337,15075,16299,13670,2629,24230,49927,-25697
20220114,18722,3063,15659,16304,13680,2624,23473,48947,-25474
20220117,19996,5034,14962,16398,13616,2782,24820,50454,-25634
20220118,20828,4608,16220,16409,14029,2380,26327,50530,-24203
20220119,17330,2650,14680,16397,14674,1723,21290,45781,-24491
20220120,18029,2413,15616,16497,14604,1893,21835,46710,-24875
20220121,19036,3358,15678,16621,15286,1335,21095,47110,-26015
20220124,19074,2925,16149,16795,15172,1623,19591,46732,-27141
20220125,20838,3635,17203,16768,15760,1008,17523,50251,-32728
20220126,20361,3784,16577,17240,15790,1450,17849,49630,-31781
20220207,21511,3772,17739,16977,15334,1643,18470,48730,-30260
20220208,21339,4114,17225,17122,15110,2012,18868,48402,-29534
20220209,21816,4215,17601,17213,14880,2333,20349,45801,-25452
20220210,21462,4555,16907,15808,14813,995,21723,42282,-20559
20220211,21317,5555,15762,14010,14315,-305,22969,41991,-19022
20220214,21858,5126,16732,13382,14682,-1300,20915,42060,-21145
20220215,19424,5218,14206,13328,14836,-1508,23195,39586,-16391
20220216,17473,3469,14004,12815,14316,-1501,19729,35153,-15424
20220217,18005,3829,14176,12848,14373,-1525,21116,37563,-16447
20220218,18298,3962,14336,12849,14418,-1569,22185,39394,-17209
20220221,18627,3753,14874,12909,14432,-1523,20971,40455,-19484
20220222,19180,3718,15462,12559,15048,-2489,19132,38935,-19803
20220223,18820,4023,14797,12623,14764,-2141,19592,36711,-17119
20220224,19997,4531,15466,12288,15560,-3272,20706,40675,-19969
20220225,19835,5094,14741,11836,15359,-3523,17834,38200,-20366
20220301,19798,6159,13639,11852,14731,-2879,21000,39087,-18087
20220302,19938,5277,14661,11784,14835,-3051,19703,39938,-20235
20220303,19707,5679,14028,11850,14731,-2881,18155,37620,-19465
20220304,19450,5745,13705,11744,15082,-3338,20535,38052,-17517
20220307,20401,5289,15112,11105,16169,-5064,18593,38062,-19469
20220308,20287,5418,14869,9045,16540,-7495,19913,35769,-15856
20220309,18943,5950,12993,9128,16138,-7010,21673,34393,-12720
20220310,19251,7231,12020,9355,15287,-5932,22470,29531,-7061
20220311,19726,5587,14139,9277,15634,-6357,22289,32842,-10553
20220314,19802,7052,12750,9207,15675,-6468,21658,32325,-10667
20220315,20775,7476,13299,9105,16393,-7288,24853,38688,-13835
20220316,19307,5332,13975,9135,16286,-7151,15691,28014,-12323
20220317,19908,5684,14224,9898,15026,-5128,19262,31877,-12615
20220318,20028,5336,14692,11472,15138,-3666,17190,34162,-16972
20220321,20129,6224,13905,11584,15310,-3726,19251,33642,-14391
20220322,19709,6173,13536,11532,15316,-3784,20407,33399,-12992
20220323,20411,6013,14398,11699,15185,-3486,23125,35181,-12056
20220324,19915,6432,13483,10180,15188,-5008,22061,33005,-10944
20220325,20136,6074,14062,10172,15193,-5021,20533,32611,-12078
20220328,20057,6746,13311,9813,15590,-5777,20211,28687,-8476
20220329,19926,6997,12929,9875,15482,-5607,23628,28985,-5357
20220330,19603,7071,12532,9960,15102,-5142,26585,31542,-4957
20220331,19522,6800,12722,9921,15266,-5345,22986,32202,-9216
20220401,19588,7431,12157,9863,15489,-5626,24334,30566,-6232
20220406,19510,7314,12196,9850,15511,-5661,24328,29893,-5565
20220407,19647,7668,11979,9609,16236,-6627,25322,31881,-6559
20220408,18754,7913,10841,9631,16019,-6388,27652,30333,-2681
20220411,19759,8111,11648,9512,16521,-7009,28599,29022,-423
20220412,20137,8158,11979,9485,16585,-7100,29694,31557,-1863
20220413,20226,7579,12647,10357,16282,-5925,30611,33869,-3258
20220414,20235,6749,13486,10534,16262,-5728,28448,33622,-5174
20220415,20088,7527,12561,10766,16887,-6121,26897,35318,-8421
20220418,19597,7922,11675,10775,17173,-6398,27311,34363,-7052
20220419,19033,7282,11751,10855,16948,-6093,30139,37493,-7354
20220420,17946,3654,14292,10961,16703,-5742,21804,31777,-9973
20220421,18039,4437,13602,11061,16591,-5530,22780,32779,-9999
20220422,18421,4695,13726,11005,16881,-5876,22650,30647,-7997
20220425,18964,5053,13911,10986,17758,-6772,20744,29440,-8696
20220426,19279,5053,14226,10740,18022,-7282,20729,30440,-9711
20220427,19715,5132,14583,10917,18932,-8015,22046,34990,-12944
20220428,19965,5832,14133,10985,18919,-7934,23534,35266,-11732
20220429,19818,7095,12723,11116,18895,-7779,24763,30437,-5674
20220503,20660,6333,14327,11616,19118,-7502,21658,31534,-9876
20220504,20701,6354,14347,11708,19057,-7349,23681,32547,-8866
20220505,20909,6100,14809,11999,18601,-6602,24616,34590,-9974
20220506,21427,7085,14342,11961,19313,-7352,27116,36891,-9775
20220509,21934,7631,14303,11704,20349,-8645,28651,36816,-8165
20220510,22999,7100,15899,11448,20947,-9499,26968,39854,-12886
20220511,21970,6111,15859,11447,21250,-9803,28866,38024,-9158
20220512,22213,7026,15187,11200,22259,-11059,32359,38998,-6639
20220513,22361,7978,14383,11410,21732,-10322,34081,39600,-5519
20220516,21929,9293,12636,11463,21493,-10030,34984,37524,-2540
20220517,20448,8912,11536,11507,21201,-9694,36090,35999,91
20220518,18986,6390,12596,11713,20776,-9063,30391,28690,1701
20220519,18566,6608,11958,11648,21254,-9606,29756,29356,400
20220520,18043,7516,10527,11636,20973,-9337,33247,27654,5593
20220523,17897,7170,10727,11527,20900,-9373,32239,28191,4048
20220524,17809,7962,9847,11430,21525,-10095,33493,28469,5024
20220525,17884,7805,10079,11225,21472,-10247,38931,33532,5399
20220526,17861,7942,9919,11194,21752,-10558,39883,35355,4528
20220527,17666,8618,9048,11229,21293,-10064,43761,34549,9212
20220530,17670,7894,9776,11471,19919,-8448,44151,37159,6992
20220531,17036,9019,8017,13756,19193,-5437,49636,41645,7991
20220601,17316,7888,9428,13846,19065,-5219,52296,44862,7434
20220602,17204,7832,9372,13845,19347,-5502,54068,43811,10257
20220606,17614,7452,10162,13839,19199,-5360,51283,42755,8528
20220607,17914,7821,10093,13661,19432,-5771,48010,41393,6617
20220608,17932,8958,8974,13846,19399,-5553,50195,40608,9587
20220609,18469,7997,10472,13793,19414,-5621,48164,40260,7904
20220610,17897,7263,10634,13753,19745,-5992,49924,43014,6910
20220613,17699,7867,9832,12795,21215,-8420,53813,49023,4790
20220614,17963,7417,10546,12948,21599,-8651,56809,54736,2073
20220615,16562,5108,11454,13082,21769,-8687,30638,36936,-6298
20220616,16434,6306,10128,15670,22102,-6432,32392,38870,-6478
20220617,16933,5528,11405,17507,22937,-5430,33773,46737,-12964
20220620,17601,6016,11585,19103,23559,-4456,36077,50760,-14683
20220621,16278,6496,9782,21417,22538,-1121,35068,53962,-18894
20220622,15077,4953,10124,21942,23475,-1533,35271,51863,-16592
20220623,13955,4984,8971,22484,23949,-1465,34235,52303,-18068
20220624,12261,6374,5887,22976,23621,-645,32026,50502,-18476
20220627,12692,6461,6231,24162,22488,1674,32715,51421,-18706
20220628,12803,7262,5541,25105,22884,2221,31049,50631,-19582
20220629,12507,7478,5029,25286,23283,2003,29976,49996,-20020
20220630,12586,7547,5039,25100,24571,529,32900,50996,-18096
20220701,11621,7373,4248,24963,26366,-1403,35244,50537,-15293
20220704,11417,8558,2859,24874,25704,-830,35392,48732,-13340
20220705,11928,9078,2850,22172,24339,-2167,34018,48379,-14361
20220706,11470,9227,2243,19003,24210,-5207,34478,43072,-8594
20220707,11825,9027,2798,17058,22226,-5168,32959,39507,-6548
20220708,11727,10891,836,16024,20511,-4487,33620,33777,-157
20220711,11702,11239,463,14466,19944,-5478,32806,30072,2734
20220712,12159,11929,230,13682,21308,-7626,36479,28945,7534
20220713,12282,10160,2122,14197,20587,-6390,33858,30385,3473
20220714,11631,9112,2519,14342,19810,-5468,31902,32359,-457
20220715,12222,9410,2812,13025,18725,-5700,29931,30499,-568
20220718,14208,10743,3465,13229,18067,-4838,33424,32650,774
20220719,11757,10220,1537,13038,18043,-5005,33127,29575,3552
20220720,9165,9164,1,12883,17792,-4909,25927,20700,5227
20220721,9971,9020,951,12901,17362,-4461,27108,20349,6759
20220722,9773,8886,887,12506,17282,-4776,27379,18704,8675
20220725,9457,9573,-116,12753,16452,-3699,28573,18054,10519
20220726,9116,10012,-896,12655,16708,-4053,27692,18338,9354
20220727,9220,9821,-601,12707,16594,-3887,27439,18691,8748
20220728,9037,9200,-163,12839,16487,-3648,28732,18625,10107
20220729,9043,9208,-165,12880,16175,-3295,29895,20927,8968
20220801,9085,9011,74,11872,16176,-4304,31576,22079,9497
20220802,8365,9686,-1321,11343,16235,-4892,33616,21899,11717
20220803,8282,9209,-927,11173,16200,-5027,32444,20674,11770
20220804,9641,10309,-668,11010,16203,-5193,35882,23681,12201
20220805,10145,10325,-180,10546,15347,-4801,38090,26228,11862
20220808,10362,9497,865,10525,15351,-4826,32465,25787,6678
20220809,10439,10608,-169,10423,15342,-4919,35886,26027,9859
20220810,10078,9873,205,10354,15629,-5275,33286,27592,5694
20220811,10888,10173,715,10352,15081,-4729,35954,24388,11566
20220812,11255,10458,797,10190,14810,-4620,34794,25363,9431
20220815,11504,10777,727,8652,14544,-5892,40956,31347,9609
20220816,10473,10940,-467,9260,14530,-5270,39606,29734,9872
20220817,8345,9484,-1139,9294,14527,-5233,31406,21184,10222
20220818,8496,9548,-1052,9204,14632,-5428,30912,22265,8647
20220819,8541,10146,-1605,9202,14629,-5427,30886,20798,10088
20220822,8573,11046,-2473,8813,14908,-6095,29468,22026,7442
20220823,9131,10943,-1812,8819,15250,-6431,27171,22789,4382
20220824,8230,10938,-2708,8676,15553,-6877,27214,20245,6969
20220825,8490,10749,-2259,8458,15334,-6876,27675,22520,5155
20220826,8537,11360,-2823,8193,15173,-6980,26120,19616,6504
20220829,8983,9834,-851,8118,16295,-8177,25594,17439,8155
20220830,9361,11288,-1927,7985,16128,-8143,28382,16822,11560
20220831,9106,12079,-2973,7973,15798,-7825,38765,25524,13241
20220901,10362,9935,427,8148,16590,-8442,35931,29872,6059
20220902,10832,9620,1212,8194,16947,-8753,33405,29747,3658
20220905,10454,10792,-338,8256,16946,-8690,32769,25381,7388
20220906,10511,10895,-384,8242,17079,-8837,32827,26464,6363
20220907,10630,9878,752,8347,17739,-9392,29406,27929,1477
20220908,11202,11071,131,8290,17151,-8861,28748,23583,5165
20220912,10453,11916,-1463,8349,16379,-8030,29802,21514,8288
20220913,10024,12374,-2350,8273,16165,-7892,31653,20676,10977
20220914,9550,10210,-660,8409,16859,-8450,30391,21406,8985
20220915,10270,10546,-276,8451,16756,-8305,33036,20807,12229
20220916,11145,10763,382,8279,17087,-8808,33404,22048,11356
20220919,11206,10935,271,8267,17206,-8939,37347,28642,8705
20220920,10695,11241,-546,8302,17064,-8762,38359,25236,13123
20220921,10351,6128,4223,8353,16870,-8517,28809,21226,7583
20220922,12304,6618,5686,8592,17455,-8863,28046,21863,6183
20220923,12267,6926,5341,8663,17583,-8920,27550,22889,4661
20220926,12443,6776,5667,8801,18249,-9448,26475,26338,137
20220927,12866,6810,6056,8932,18266,-9334,25304,25905,-601
20220928,13227,7775,5452,9162,19085,-9923,26407,25031,1376
20220929,13710,8625,5085,9208,18931,-9723,24679,25040,-361
20220930,13652,8386,5266,9417,18684,-9267,24895,26723,-1828
20221003,14063,9148,4915,9548,19114,-9566,24598,26173,-1575
20221004,14682,9166,5516,9772,18106,-8334,26749,29451,-2702
20221005,13923,7722,6201,10060,17432,-7372,32264,24115,8149
20221006,14324,7193,7131,9803,17265,-7462,28970,26249,2721
20221007,12936,7467,5469,10105,17255,-7150,27855,26071,1784
20221011,13570,7990,5580,10172,19208,-9036,30036,26049,3987
20221012,12919,7946,4973,10043,19310,-9267,27473,25186,2287
20221013,12482,8780,3702,10037,19659,-9622,32098,22812,9286
20221014,13170,8531,4639,10363,18656,-8293,30340,23946,6394
20221017,14527,9419,5108,11270,18705,-7435,32001,29756,2245
20221018,14673,11045,3628,8461,17931,-9470,34297,28671,5626
20221019,12310,6925,5385,8663,18123,-9460,26340,21580,4760
20221020,12169,7749,4420,8630,18517,-9887,27314,19649,7665
20221021,12387,8086,4301,8324,18792,-10468,30254,18489,11765
20221024,10891,8581,2310,8421,18296,-9875,29813,21366,8447
20221025,9466,8238,1228,8258,18901,-10643,31980,23054,8926
20221026,7945,8307,-362,8289,18219,-9930,36394,21218,15176
20221027,8243,7423,820,8409,17612,-9203,35457,25166,10291
20221028,8770,7523,1247,8374,18109,-9735,32886,26233,6653
20221031,9146,7641,1505,8473,17642,-9169,33858,24989,8869
20221101,8839,7432,1407,8442,17352,-8910,34117,27940,6177
20221102,8752,7800,952,8535,16868,-8333,34234,26900,7334
20221103,9182,7674,1508,8610,17095,-8485,31746,25712,6034
20221104,9009,7760,1249,8664,16839,-8175,33097,27509,5588
20221107,9712,7340,2372,9000,16334,-7334,33282,28807,4475
20221108,9191,8368,823,9180,16023,-6843,34261,29679,4582
20221109,8657,7712,945,9289,15360,-6071,38455,29449,9006
20221110,8666,6058,2608,10230,16061,-5831,31572,31850,-278
20221111,7813,7815,-2,11216,15197,-3981,42293,33382,8911
20221114,8317,6995,1322,12528,16311,-3783,44111,39306,4805
20221115,11896,6574,5322,13295,17446,-4151,48987,46981,2006
20221116,7437,5555,1882,13004,18611,-5607,35517,26378,9139
20221117,7667,6105,1562,13131,18805,-5674,34776,26898,7878
20221118,7496,6770,726,12952,18556,-5604,37504,24913,12591
20221121,7493,7079,414,13364,18803,-5439,37293,25868,11425
20221122,7337,6911,426,13773,18637,-4864,37285,26545,10740
20221123,7862,6285,1577,13820,18360,-4540,37995,26465,11530
20221124,8575,6495,2080,14648,17820,-3172,38327,30936,7391
20221125,9394,7642,1752,15225,17938,-2713,37027,32277,4750
20221128,9363,6822,2541,14489,18662,-4173,38619,29407,9212
20221129,8688,7292,1396,14420,18392,-3972,39548,28358,11190
20221130,8597,7538,1059,14683,18379,-3696,44745,31936,12809
20221201,10901,7452,3449,15955,18488,-2533,38559,35661,2898
20221202,11502,7349,4153,16231,19357,-3126,40205,39150,1055
20221205,11728,7424,4304,16502,20389,-3887,41918,38312,3606
20221206,11553,7710,3843,16500,21005,-4505,39946,37824,2122
20221207,9786,7528,2258,16566,21751,-5185,41954,34820,7134
20221208,10129,7420,2709,16450,22165,-5715,40849,34519,6330
20221209,9436,7921,1515,16655,21781,-5126,38989,29985,9004
20221212,9612,7640,1972,16765,22011,-5246,40177,30719,9458
20221213,10665,7647,3018,16884,22246,-5362,37356,31950,5406
20221214,11067,8658,2409,17775,22238,-4463,38569,33769,4800
20221215,11271,7864,3407,18146,21881,-3735,38709,33137,5572
20221216,12655,7985,4670,17591,23044,-5453,38473,31716,6757
20221219,12549,7734,4815,17258,23194,-5936,40149,30111,10038
20221220,12960,8023,4937,16981,24179,-7198,42109,31379,10730
20221221,8646,4726,3920,16634,24163,-7529,35803,22172,13631
20221222,9641,4915,4726,16647,23894,-7247,37016,21722,15294
20221223,10990,5523,5467,15769,23979,-8210,34602,21175,13427
20221226,11402,5884,5518,15670,24054,-8384,35436,20864,14572
20221227,11519,6129,5390,15999,23942,-7943,35251,20552,14699
20221228,12056,5791,6265,15704,24724,-9020,34366,20208,14158
20221229,12021,5610,6411,14844,24880,-10036,33528,19346,14182
20221230,11596,5816,5780,14389,24603,-10214,35848,16627,19221
20230103,11665,5507,6158,12524,23346,-10822,33550,17606,15944
20230104,12014,5623,6391,11178,21415,-10237,30529,16441,14088
20230105,12952,5493,7459,10442,20659,-10217,32446,15952,16494
20230106,12650,6159,6491,10408,19837,-9429,33476,19122,14354
20230109,12755,5378,7377,10500,18372,-7872,34449,21934,12515
20230110,13288,5569,7719,10885,18156,-7271,30759,21522,9237
20230111,13378,5292,8086,10862,18208,-7346,27864,22864,5000
20230112,14205,6081,8124,10875,18072,-7197,27066,21361,5705
20230113,12910,6373,6537,10608,17929,-7321,33712,22023,11689
20230116,14765,7852,6913,10765,17769,-7004,35414,25998,9416
20230117,14748,7881,6867,9958,17629,-7671,36144,26797,9347
20230130,10822,5797,5025,10112,15995,-5883,32100,24001,8099
20230131,11465,6334,5131,9915,16401,-6486,30176,27587,2589
20230201,12028,6349,5679,9740,16291,-6551,29376,25142,4234
20230202,12701,6669,6032,10176,16036,-5860,32174,23765,8409
20230203,12478,7139,5339,10046,16036,-5990,31862,22535,9327
20230206,13112,7572,5540,9999,16419,-6420,31697,23782,7915
20230207,13039,7068,5971,10009,16484,-6475,30821,23740,7081
20230208,13010,7310,5700,9852,16156,-6304,35524,23758,11766
20230209,12949,6542,6407,9547,16218,-6671,33689,22939,10750
20230210,11917,5885,6032,9430,16339,-6909,36697,25015,11682
20230213,13095,6354,6741,9247,16654,-7407,38432,26168,12264
20230214,13091,8438,4653,9356,16617,-7261,32401,20022,12379
20230215,12566,6014,6552,8903,16939,-8036,25796,17485,8311
20230216,12447,7062,5385,8774,16513,-7739,31217,15281,15936
20230217,12280,6940,5340,7890,16506,-8616,30866,13376,17490
20230220,13042,7304,5738,7795,16345,-8550,31568,13745,17823
20230221,13621,7056,6565,7818,16344,-8526,30623,13685,16938
20230222,13885,8294,5591,7755,16324,-8569,32001,12665,19336
20230223,15000,9385,5615,7759,16001,-8242,33048,14295,18753
20230224,14979,8784,6195,7532,16169,-8637,30256,14650,15606
20230301,15868,7129,8739,7555,16194,-8639,29309,14477,14832
20230302,15933,7634,8299,7518,16247,-8729,30619,14533,16086
20230303,15988,8712,7276,7512,16080,-8568,31021,16588,14433
20230306,16286,8680,7606,7563,15726,-8163,29428,16977,12451
20230307,16412,9886,6526,7257,15512,-8255,31724,16374,15350
20230308,16097,7526,8571,7233,15628,-8395,27260,16701,10559
20230309,16471,7739,8732,7228,15630,-8402,28786,18567,10219
20230310,18383,9078,9305,7283,16642,-9359,27581,21380,6201
20230313,15404,7210,8194,7376,16132,-8756,29995,19225,10770
20230314,18050,8082,9968,7499,16868,-9369,25700,18104,7596
20230315,14118,6296,7822,9114,16785,-7671,23614,16678,6936
20230316,14448,6667,7781,9293,16984,-7691,22232,16849,5383
20230317,14088,6334,7754,9402,16582,-7180,26170,15498,10672
20230320,15254,6890,8364,8871,16583,-7712,23289,14666,8623
20230321,14561,6130,8431,8891,16581,-7690,23999,14040,9959
20230322,14198,6174,8024,9440,16124,-6684,31607,13869,17738
20230323,14208,5990,8218,10118,16199,-6081,33763,16279,17484
20230324,14260,6427,7833,11138,15989,-4851,30504,17776,12728
20230327,14410,5817,8593,11568,16050,-4482,24879,20522,4357
20230328,14282,6193,8089,11837,16417,-4580,24526,19789,4737
20230329,13861,5864,7997,11789,16419,-4630,26754,19115,7639
20230330,13778,5523,8255,10896,16142,-5246,27736,18106,9630
20230331,14190,5626,8564,10712,16230,-5518,26560,20191,6369
20230406,13715,5912,7803,10402,16445,-6043,29682,19470,10212
20230407,13795,5801,7994,10407,16336,-5929,29501,19590,9911
20230410,14118,5579,8539,10459,16334,-5875,30955,20011,10944
20230411,13543,6725,6818,9688,15872,-6184,31775,20059,11716
20230412,14295,5681,8614,9248,15880,-6632,30096,19670,10426
20230413,14540,5635,8905,8967,16181,-7214,30553,20051,10502
20230414,13553,6478,7075,8997,15858,-6861,37144,22961,14183
20230417,15372,5789,9583,8457,15864,-7407,35961,24724,11237
20230418,14820,6557,8263,8426,16016,-7590,34973,25483,9490
20230419,11775,5813,5962,8652,16214,-7562,29081,20373,8708
20230420,11469,6475,4994,8638,16329,-7691,30643,17943,12700
20230421,12070,6481,5589,8676,16667,-7991,32933,19099,13834
20230424,12377,7305,5072,8725,16672,-7947,34800,19123,15677
20230425,12717,6801,5916,9073,17172,-8099,31925,25354,6571
20230426,12491,6981,5510,9072,17213,-8141,32411,26846,5565
20230427,12233,6718,5515,9227,17290,-8063,32605,23352,9253
20230428,12261,7032,5229,9239,16852,-7613,34486,21733,12753
20230502,13239,8447,4792,9205,16742,-7537,35080,20979,14101
20230503,12636,7621,5015,9212,16932,-7720,34363,20673,13690
20230504,12397,7485,4912,9246,16868,-7622,35665,17252,18413
20230505,12398,7785,4613,9389,16594,-7205,35037,17281,17756
20230508,12259,7576,4683,9411,16421,-7010,33166,17358,15808
20230509,12131,7774,4357,9671,16421,-6750,33775,16841,16934
20230510,13418,6767,6651,9700,16588,-6888,26574,20264,6310
20230511,12710,7840,4870,9681,16650,-6969,28158,21971,6187
20230512,12711,7786,4925,9696,16651,-6955,29196,22511,6685
20230515,13561,11686,1875,9753,16660,-6907,39060,27176,11884
20230516,11213,13167,-1954,9371,16201,-6830,42853,17625,25228
20230517,3519,13795,-10276,9370,15915,-6545,48484,16195,32289
20230518,3860,14612,-10752,9229,15743,-6514,50176,17958,32218
20230519,3613,15442,-11829,9042,15612,-6570,50066,18737,31329
20230522,3455,16000,-12545,9338,15612,-6274,50366,19551,30815
20230523,3370,17141,-13771,9582,15612,-6030,52551,22279,30272
20230524,3255,16422,-13167,9655,15695,-6040,53476,24599,28877
20230525,3562,17593,-14031,9438,15476,-6038,54672,24504,30168
20230526,3754,17669,-13915,9425,15022,-5597,56225,22616,33609
20230529,3739,15226,-11487,9414,14560,-5146,54744,26555,28189
20230530,3616,16175,-12559,9404,14526,-5122,56263,27185,29078
20230531,3558,14990,-11432,9536,14503,-4967,56250,30581,25669
20230601,3893,14675,-10782,9674,14509,-4835,55829,31308,24521
20230602,4117,14437,-10320,9867,14030,-4163,57680,33320,24360
20230605,3818,13952,-10134,9655,13920,-4265,54879,32693,22186
20230606,4107,14926,-10819,9367,13918,-4551,55164,32012,23152
20230607,4188,13579,-9391,9489,13406,-3917,57712,33712,24000
20230608,3908,13208,-9300,9330,13732,-4402,55798,33338,22460
20230609,4230,13738,-9508,9161,13520,-4359,54488,33711,20777
20230612,4543,13586,-9043,9367,13358,-3991,54094,33446,20648
20230613,5837,14531,-8694,9361,12818,-3457,56368,36833,19535
20230614,5646,14059,-8413,9796,12623,-2827,52215,36962,15253
20230615,6190,15009,-8819,9714,12605,-2891,53269,34989,18280
20230616,6640,15306,-8666,9891,12548,-2657,54527,38763,15764
20230619,6548,15192,-8644,10864,12566,-1702,57231,40250,16981
20230620,7055,16559,-9504,11004,12749,-1745,59108,44036,15072
20230621,2563,13923,-11360,10875,12641,-1766,45277,30871,14406
20230626,2868,14959,-12091,11324,12858,-1534,46238,33543,12695
20230627,3274,15459,-12185,11379,12956,-1577,43712,33533,10179
20230628,3292,15065,-11773,12055,12769,-714,42805,34903,7902
20230629,4045,14636,-10591,13341,12775,566,39622,37430,2192
20230630,4161,14295,-10134,13290,12772,518,38218,35585,2633
20230703,5159,14526,-9367,14639,12191,2448,40290,36823,3467
20230704,5357,14699,-9342,15276,12086,3190,40757,35645,5112
20230705,5189,14591,-9402,15347,12196,3151,37880,37491,389
20230706,5503,14341,-8838,15534,12695,2839,34953,36691,-1738
20230707,5514,12724,-7210,15653,12822,2831,34854,35098,-244
20230710,5359,12937,-7578,15976,12910,3066,34632,32413,2219
20230711,4982,12881,-7899,16181,12481,3700,37285,33081,4204
20230712,5936,12735,-6799,16631,12374,4257,34858,34705,153
20230713,5230,12987,-7757,17065,12106,4959,36509,36061,448
20230714,5161,13385,-8224,17134,11782,5352,39554,38469,1085
20230717,6479,13523,-7044,13117,11783,1334,40262,37833,2429
20230718,6505,13960,-7455,12969,11853,1116,34743,31908,2835
20230719,2508,10878,-8370,12989,11967,1022,31962,28832,3130
20230720,2823,11511,-8688,12684,12062,622,35567,30095,5472
20230721,3672,10885,-7213,12724,12215,509,34314,33779,535
20230724,3255,10745,-7490,12692,12213,479,36001,31721,4280
20230725,4187,11058,-6871,12756,11677,1079,38101,33168,4933
20230726,4185,10497,-6312,12454,11786,668,35531,33912,1619
20230727,5251,10415,-5164,12480,11599,881,34543,32349,2194
20230728,5234,9821,-4587,12150,11598,552,34577,33542,1035
20230731,5406,10597,-5191,11724,11704,20,32055,35841,-3786
20230801,5091,10419,-5328,11488,11605,-117,32670,32344,326
20230802,5782,11368,-5586,11646,12005,-359,29816,35143,-5327
20230804,5868,10810,-4942,11866,12104,-238,32140,33524,-1384
20230807,4722,10310,-5588,11971,11721,250,33501,31511,1990
20230808,5591,10125,-4534,12222,11725,497,30522,30889,-367
20230809,4259,9582,-5323,12304,11738,566,30897,29000,1897
20230810,5473,8938,-3465,12832,12070,762,25413,29287,-3874
20230811,4838,9711,-4873,12891,12169,722,26627,27742,-1115
20230814,8245,10114,-1869,13375,12341,1034,22520,33728,-11208
20230815,4916,9958,-5042,11978,12237,-259,24599,28181,-3582
20230816,4133,8447,-4314,12296,12246,50,20187,22557,-2370
20230817,4859,8507,-3648,12521,12234,287,24315,23369,946
20230818,4898,8655,-3757,12490,12362,128,23770,24544,-774
20230821,4692,9164,-4472,12574,12363,211,21534,27621,-6087
20230822,4907,9212,-4305,12549,12354,195,21044,26120,-5076
20230823,4641,9746,-5105,12564,12024,540,22951,25957,-3006
20230824,4767,9211,-4444,12877,11599,1278,21831,23469,-1638
20230825,5935,9257,-3322,13682,12238,1444,16965,28801,-11836
20230828,4797,8660,-3863,14059,12246,1813,18812,27102,-8290
20230829,4277,7946,-3669,13875,11919,1956,20580,25436,-4856
20230830,4586,7641,-3055,13120,11491,1629,19316,26010,-6694
20230831,5782,7535,-1753,12604,11651,953,17908,26359,-8451
20230901,4271,7249,-2978,12609,11649,960,20616,26722,-6106
20230904,5111,7695,-2584,12653,11435,1218,22171,25661,-3490
20230905,6274,7567,-1293,12568,11430,1138,19662,25892,-6230
20230906,5879,7620,-1741,12458,11436,1022,20040,25172,-5132
20230907,6050,7907,-1857,12498,11709,789,21270,24380,-3110
20230908,5823,8249,-2426,12891,11718,1173,22299,26186,-3887
20230911,5769,8014,-2245,13386,11986,1400,21306,27907,-6601
20230912,4220,7953,-3733,13356,11718,1638,24702,25825,-1123
20230913,4650,7804,-3154,13789,11706,2083,24905,25572,-667
20230914,4189,8163,-3974,13859,11300,2559,31689,29753,1936
20230915,5775,7926,-2151,13140,11191,1949,29206,30675,-1469
20230918,8393,8903,-510,13804,11460,2344,26792,33603,-6811
20230919,8770,8895,-125,13581,11572,2009,25366,33765,-8399
20230920,3048,4514,-1466,13857,11623,2234,22161,28326,-6165
20230921,4592,5434,-842,14288,11645,2643,22686,35889,-13203
20230922,4940,5748,-808,14478,11644,2834,21558,32171,-10613
20230925,3934,6009,-2075,14560,11365,3195,22773,27810,-5037
20230926,4925,5339,-414,14413,11639,2774,21111,27227,-6116
20230927,5193,5497,-304,14430,11647,2783,19878,28127,-8249
20230928,5517,5345,172,14421,11409,3012,18970,29054,-10084
20231002,5323,6281,-958,14626,11071,3555,21184,28196,-7012
20231003,6452,5685,767,14571,11236,3335,19886,29723,-9837
20231004,5810,6124,-314,14461,11572,2889,22047,30518,-8471
20231005,5789,6822,-1033,14531,11362,3169,25429,28023,-2594
20231006,5970,6885,-915,14470,11131,3339,24742,28800,-4058
20231011,5599,5968,-369,14645,10856,3789,25556,29588,-4032
20231012,6061,6727,-666,14449,10635,3814,31391,32268,-877
20231013,6723,6075,648,14462,10744,3718,32482,32950,-468
20231016,8056,7533,523,14137,10919,3218,31454,32874,-1420
20231017,6050,7025,-975,14384,11032,3352,30089,31315,-1226
20231018,3490,5104,-1614,12699,11322,1377,23137,31303,-8166
20231019,3431,5810,-2379,12929,11323,1606,23404,28710,-5306
20231020,4818,7301,-2483,13176,11329,1847,22875,27454,-4579
20231023,5554,7885,-2331,13368,11479,1889,23304,33783,-10479
20231024,5741,8142,-2401,13765,11371,2394,22825,34722,-11897
20231025,5769,8283,-2514,13844,11250,2594,22014,30191,-8177
20231026,6249,8204,-1955,13760,11576,2184,23165,35549,-12384
20231027,5116,6840,-1724,13814,11471,2343,21160,30302,-9142
20231030,5782,7086,-1304,13845,11459,2386,20899,33382,-12483
20231031,6121,6758,-637,13853,11745,2108,22035,37332,-15297
20231101,5697,6725,-1028,14326,11434,2892,22643,36039,-13396
20231102,6640,8886,-2246,14555,10934,3621,27055,30959,-3904
20231103,6831,9516,-2685,14624,10658,3966,28107,27445,662
20231106,6737,10426,-3689,15628,10632,4996,32334,26662,5672
20231107,6633,10597,-3964,15981,10622,5359,35981,28039,7942
20231108,6473,8820,-2347,16160,10619,5541,36402,30934,5468
20231109,6351,8619,-2268,15688,10269,5419,39350,34265,5085
20231110,7174,8751,-1577,15241,10427,4814,41170,32449,8721
20231113,5660,6749,-1089,15104,10154,4950,38773,35641,3132
20231114,4827,9359,-4532,14604,10045,4559,42849,37611,5238
20231115,2100,7907,-5807,13707,9813,3894,37533,31943,5590
20231116,2878,8527,-5649,14406,9819,4587,38964,33495,5469
20231117,3461,8561,-5100,14979,9829,5150,41507,37610,3897
20231120,3791,8357,-4566,15614,9929,5685,43223,41346,1877
20231121,4257,9111,-4854,16559,9873,6686,46815,44365,2450
20231122,5497,8086,-2589,17052,10032,7020,42965,49313,-6348
20231123,5310,7904,-2594,17609,10030,7579,44857,47296,-2439
20231124,6047,7504,-1457,17725,10024,7701,43674,47914,-4240
20231127,4388,7366,-2978,17515,10339,7176,44389,45745,-1356
20231128,5187,8093,-2906,17606,10070,7536,45868,46017,-149
20231129,5772,7582,-1810,18100,10370,7730,42886,47364,-4478
20231130,5532,8101,-2569,19141,10340,8801,43608,47216,-3608
20231201,4956,7781,-2825,19168,10338,8830,47034,47866,-832
20231204,6008,7682,-1674,18627,10134,8493,43522,47875,-4353
20231205,6577,8175,-1598,18696,10147,8549,42689,48595,-5906
20231206,6344,7915,-1571,17804,10140,7664,41941,48290,-6349
20231207,6552,7421,-869,17723,10300,7423,42262,49582,-7320
20231208,6165,8473,-2308,18394,10490,7904,43228,48796,-5568
20231211,6787,8014,-1227,18857,10238,8619,42934,50815,-7881
20231212,7717,8251,-534,18473,10232,8241,42295,51791,-9496
20231213,7577,8711,-1134,18410,9882,8528,41451,51610,-10159
20231214,10161,10745,-584,18413,9611,8802,44737,54092,-9355
20231215,8134,9791,-1657,17221,9605,7616,48603,56856,-8253
20231218,8471,9315,-844,17971,9606,8365,47532,59632,-12100
20231219,9989,8030,1959,17658,9822,7836,46099,63322,-17223
20231220,3478,4964,-1486,18005,10011,7994,43429,54894,-11465
20231221,4606,5588,-982,18550,10229,8321,42386,59949,-17563
20231222,4887,5791,-904,18763,10229,8534,40704,56454,-15750
20231225,4864,5764,-900,18883,10113,8770,41657,55945,-14288
20231226,4135,6330,-2195,18853,10012,8841,44855,56750,-11895
20231227,4833,5799,-966,20133,10196,9937,49284,61519,-12235
20231228,6129,6654,-525,21264,10996,10268,49043,62661,-13618
20231229,7628,6642,986,21445,11255,10190,48247,64959,-16712
20240102,8514,7073,1441,21605,11576,10029,48357,65786,-17429
20240103,8386,7791,595,20764,11953,8811,45453,69488,-24035
20240104,6904,7863,-959,20484,11721,8763,44327,64797,-20470
20240105,8027,7841,186,19898,11397,8501,44663,64345,-19682
20240108,7895,7476,419,20016,11296,8720,47101,65892,-18791
20240109,7906,7382,524,20487,11292,9195,45273,69533,-24260
20240110,7788,7873,-85,19390,10961,8429,44597,69152,-24555
20240111,8346,7668,678,20183,11102,9081,46322,71631,-25309
20240112,8726,7441,1285,19763,11259,8504,45689,72093,-26404
20240115,8619,7924,695,18285,10825,7460,48717,70485,-21768
20240116,6233,7696,-1463,14649,10721,3928,48205,65453,-17248
20240117,4654,6395,-1741,13684,10854,2830,37896,52428,-14532
20240118,5170,7320,-2150,13600,10450,3150,35651,49301,-13650
20240119,5798,6762,-964,13515,9824,3691,41546,44159,-2613
20240122,7277,6456,821,13744,9663,4081,37860,44714,-6854
20240123,5599,6762,-1163,13655,9760,3895,40947,42394,-1447
20240124,4760,6775,-2015,12987,9760,3227,39877,40360,-483
20240125,4939,6740,-1801,12782,9602,3180,43935,40547,3388
20240126,4702,7445,-2743,12703,9602,3101,44162,39731,4431
20240129,5511,7520,-2009,12222,9191,3031,45172,41797,3375
20240130,5261,7105,-1844,12328,9173,3155,42133,41259,874
20240131,4579,7177,-2598,12212,9343,2869,40253,41779,-1526
20240201,4801,7298,-2497,12331,9339,2992,40052,43573,-3521
20240202,5098,7114,-2016,12233,9176,3057,38991,45127,-6136
20240205,5569,7144,-1575,12462,9169,3293,38219,43713,-5494
20240215,6509,9293,-2784,12656,9110,3546,44064,46717,-2653
20240216,6155,8341,-2186,12500,8510,3990,42342,49045,-6703
20240219,6292,9389,-3097,12652,8510,4142,47254,50725,-3471
20240220,4995,9205,-4210,12616,8403,4213,51463,48721,2742
20240221,1774,7797,-6023,12662,8437,4225,39203,36782,2421
20240222,2756,9102,-6346,12712,8432,4280,38764,35679,3085
20240223,2824,8660,-5836,13019,8245,4774,38778,34632,4146
20240226,2820,9166,-6346,12462,8187,4275,41051,34900,6151
20240227,2924,9379,-6455,13653,8310,5343,39266,35467,3799
20240229,3159,9528,-6369,13936,8204,5732,38077,34455,3622
20240301,2870,9312,-6442,15550,8219,7331,34097,35590,-1493
20240304,3603,10205,-6602,14951,7941,7010,37873,33886,3987
20240305,4044,10093,-6049,14518,7832,6686,36859,33528,3331
20240306,4590,9646,-5056,13962,7773,6189,36614,33281,3333
20240307,5406,10763,-5357,13647,7723,5924,35643,32588,3055
20240308,6102,10316,-4214,12653,7811,4842,33868,35434,-1566
20240311,6541,10821,-4280,12440,7878,4562,31415,37972,-6557
20240312,7399,10998,-3599,12261,7717,4544,33196,41305,-8109
20240313,8131,10648,-2517,12275,7720,4555,31577,40709,-9132
20240314,8500,11105,-2605,12126,7723,4403,34695,43293,-8598
20240315,11314,12239,-925,11703,7884,3819,35722,47420,-11698
20240318,9350,11283,-1933,11707,7918,3789,36973,47377,-10404
20240319,8946,11019,-2073,12573,7774,4799,36846,47822,-10976
20240320,975,7225,-6250,12670,7807,4863,31381,36169,-4788
20240321,1773,8062,-6289,12702,7705,4997,35218,31086,4132
20240322,2358,7891,-5533,12852,7611,5241,27557,32999,-5442
20240325,1979,8257,-6278,12784,7608,5176,27927,33113,-5186
20240326,1977,8278,-6301,12406,7814,4592,28565,35041,-6476
20240327,2082,9530,-7448,12550,7708,4842,30377,33717,-3340
20240328,2494,8421,-5927,12578,7580,4998,31614,37343,-5729
20240329,2574,9791,-7217,13882,7563,6319,33086,33840,-754
20240401,2613,8543,-5930,14499,7589,6910,31147,35470,-4323
20240402,3236,11858,-8622,15403,7449,7954,36527,33215,3312
20240403,2283,9055,-6772,15474,7744,7730,29520,36986,-7466
20240408,2613,10089,-7476,15555,7553,8002,30242,36096,-5854
20240409,3013,12271,-9258,15608,7247,8361,37704,32540,5164
20240410,2777,9991,-7214,15554,7248,8306,35077,36787,-1710
20240411,3211,9199,-5988,15920,7369,8551,31607,44571,-12964
20240412,4275,9368,-5093,16074,7341,8733,31789,43798,-12009
20240415,4252,8685,-4433,16344,7517,8827,30125,47928,-17803
20240416,5707,9017,-3310,17167,7961,9206,32980,51366,-18386
20240417,4119,6769,-2650,16880,7812,9068,24880,42832,-17952
20240418,4825,7153,-2328,16823,7709,9114,24891,39591,-14700
20240419,5228,6666,-1438,18038,8239,9799,21289,41066,-19777
20240422,4297,7152,-2855,18246,8082,10164,19216,35616,-16400
20240423,3486,8555,-5069,18626,7917,10709,22071,34576,-12505
20240424,4259,7851,-3592,18865,7489,11376,23526,36859,-13333
20240425,4189,7465,-3276,18952,7606,11346,20704,37864,-17160
20240426,4127,7878,-3751,19549,7481,12068,23378,37266,-13888
20240429,4764,8195,-3431,19757,7140,12617,25304,40345,-15041
20240430,4528,8296,-3768,19742,7052,12690,24376,38111,-13735
20240502,5155,8375,-3220,20155,7340,12815,21007,38548,-17541
20240503,5671,8021,-2350,20371,7486,12885,20366,39823,-19457
20240506,6185,8116,-1931,20414,7303,13111,23474,42232,-18758
20240507,5676,8166,-2490,20529,7159,13370,22214,41439,-19225
20240508,5193,9189,-3996,20669,7165,13504,23782,39385,-15603
20240509,5428,8963,-3535,20580,7286,13294,22185,39401,-17216
20240510,5080,9271,-4191,20569,7317,13252,24387,39256,-14869
20240513,4949,8511,-3562,20614,7127,13487,26439,40956,-14517
20240514,4966,9834,-4868,19868,7214,12654,27521,37565,-10044
20240515,1681,9544,-7863,19751,7210,12541,25226,28707,-3481
20240516,2357,9387,-7030,18644,7154,11490,25563,34051,-8488
20240517,2162,9044,-6882,17914,7309,10605,25401,35049,-9648
20240520,2625,9142,-6517,17485,7309,10176,27123,36377,-9254
20240521,2477,9890,-7413,17579,7312,10267,28549,36784,-8235
20240522,3062,9999,-6937,18034,7143,10891,33971,39634,-5663
20240523,2828,9109,-6281,17970,6998,10972,31634,40359,-8725
20240524,2754,9068,-6314,17977,7068,10909,32700,41102,-8402
20240527,3260,9380,-6120,18147,7026,11121,33291,42588,-9297
20240528,3368,9800,-6432,18659,6813,11846,33583,43743,-10160
20240529,3464,8395,-4931,18430,6966,11464,31788,47253,-15465
20240530,3843,8632,-4789,18424,7344,11080,32711,47123,-14412
20240531,4470,8470,-4000,18557,7426,11131,36210,50269,-14059
20240603,4855,9728,-4873,19562,7176,12386,36324,53023,-16699
20240604,4230,9210,-4980,19556,7384,12172,31942,51031,-19089
20240605,2858,9688,-6830,19567,7328,12239,33794,50240,-16446
20240606,2972,10962,-7990,19053,7067,11986,35182,45710,-10528
20240607,3008,9683,-6675,18520,7071,11449,34704,45310,-10606
20240611,2903,8503,-5600,18525,7000,11525,29587,45437,-15850
20240612,3319,10108,-6789,18847,6985,11862,33007,44146,-11139
20240613,4367,10457,-6090,19048,6768,12280,32985,46303,-13318
20240614,4327,11206,-6879,19117,6668,12449,34494,47349,-12855
20240617,3302,10195,-6893,19094,6661,12433,34943,48135,-13192
20240618,3289,10766,-7477,19505,6574,12931,37294,50232,-12938
20240619,2006,9870,-7864,19636,6298,13338,31922,43518,-11596
20240620,2393,9913,-7520,20104,6174,13930,33023,49551,-16528
20240621,2277,9288,-7011,19453,6230,13223,31601,51749,-20148
20240624,2559,8727,-6168,19573,6591,12982,29547,50694,-21147
20240625,3852,8309,-4457,19950,6585,13365,29114,52227,-23113
20240626,3205,8818,-5613,20597,6497,14100,28735,54387,-25652
20240627,3393,8648,-5255,20693,6501,14192,28227,52629,-24402
20240628,3835,9225,-5390,21735,6409,15326,29422,55931,-26509
20240701,3660,9475,-5815,22494,6409,16085,30864,56808,-25944
20240702,3855,9959,-6104,22652,6531,16121,30164,55139,-24975
20240703,3905,11014,-7109,24097,6332,17765,29317,54777,-25460
20240704,3797,11542,-7745,24702,6013,18689,29853,55479,-25626
20240705,4195,10925,-6730,25173,6014,19159,27560,56058,-28498
20240708,4936,11742,-6806,25670,5807,19863,28109,57541,-29432
20240709,6255,11749,-5494,27226,5796,21430,24335,59120,-34785
20240710,5306,12195,-6889,27760,5793,21967,24821,58449,-33628
20240711,4590,11645,-7055,28304,5623,22681,23678,58927,-35249
20240712,6937,11921,-4984,28809,5919,22890,24467,64796,-40329
20240715,5911,11736,-5825,26713,5918,20795,24346,60564,-36218
20240716,6002,12031,-6029,27054,5838,21216,24334,61468,-37134
20240717,5769,7643,-1874,26862,5959,20903,18890,53732,-34842
20240718,7618,9045,-1427,27606,6088,21518,18237,61270,-43033
20240719,8015,9168,-1153,27901,6321,21580,18832,56069,-37237
20240722,10425,11175,-750,28235,6538,21697,17956,58195,-40239
20240723,8027,10369,-2342,28590,6120,22470,20659,53484,-32825
20240726,8964,10405,-1441,29366,6514,22852,18517,55928,-37411
20240729,8386,10433,-2047,29165,6371,22794,18143,54440,-36297
20240730,8737,10788,-2051,29249,6313,22936,18307,57340,-39033
20240731,7614,10313,-2699,29258,6309,22949,19315,56444,-37129
20240801,7351,9859,-2508,30787,6051,24736,19247,60589,-41342
20240802,9234,9362,-128,30550,6634,23916,18688,63788,-45100
20240805,8385,6718,1667,31151,7852,23299,18818,58264,-39446
20240806,7438,8576,-1138,33294,8054,25240,21454,56979,-35525
20240807,5879,8210,-2331,34251,7412,26839,24475,56407,-31932
20240808,6174,7518,-1344,34459,7751,26708,24700,56509,-31809
20240809,6125,8264,-2139,35696,7722,27974,25921,57927,-32006
20240812,6097,7858,-1761,36161,8155,28006,23616,58328,-34712
20240813,5782,8250,-2468,36123,7675,28448,23221,59115,-35894
20240814,7025,9342,-2317,36725,8275,28450,25718,58927,-33209
20240815,7157,8421,-1264,35495,8575,26920,26406,59558,-33152
20240816,6465,8259,-1794,35337,7862,27475,26696,61648,-34952
20240819,7669,8466,-797,35132,7560,27572,27959,62614,-34655
20240820,6572,6748,-176,35378,7929,27449,26344,61982,-35638
20240821,4825,6197,-1372,35021,8485,26536,19282,56283,-37001
20240822,5217,5997,-780,35053,8957,26096,21587,54677,-33090
20240823,6271,5889,382,35062,8859,26203,19671,54531,-34860
20240826,6034,6016,18,35940,9148,26792,20892,57881,-36989
20240827,6771,5843,928,34902,8623,26279,19479,56981,-37502
20240828,5814,5887,-73,35315,8420,26895,19696,56939,-37243
20240829,6254,6126,128,33940,8224,25716,18526,55497,-36971
20240830,5504,6190,-686,33911,8110,25801,19235,58789,-39554
20240902,6149,6049,100,33326,8179,25147,20011,60463,-40452
20240903,6111,5771,340,32023,7944,24079,20736,57979,-37243
20240904,5874,4671,1203,31222,8796,22426,18873,49790,-30917
20240905,4244,4273,-29,31225,8745,22480,21179,46848,-25669
20240906,4474,4769,-295,32025,8884,23141,19885,47416,-27531
20240909,5568,4400,1168,32120,8815,23305,18504,46601,-28097
20240910,5799,5368,431,32506,8506,24000,17832,44797,-26965
20240911,6042,5620,422,32713,8359,24354,17981,45708,-27727
20240912,6065,5506,559,32785,8179,24606,21256,51626,-30370
20240913,6421,5403,1018,32814,8117,24697,23199,54979,-31780
20240916,5659,5281,378,32393,7991,24402,23854,56130,-32276
20240918,3850,3436,414,32809,7978,24831,16733,47210,-30477
20240919,3650,4251,-601,33661,7413,26248,19102,49366,-30264
20240920,3343,5026,-1683,32717,7150,25567,21336,53281,-31945
20240923,3762,5569,-1807,32610,7086,25524,19303,55165,-35862
20240924,3534,5344,-1810,32005,6724,25281,20374,52123,-31749
20240925,3697,5639,-1942,32020,6503,25517,21780,56070,-34290
20240926,4288,5820,-1532,31924,6292,25632,21230,58311,-37081
20240927,4353,5761,-1408,31526,6242,25284,24136,60373,-36237
20240930,4702,5526,-824,31315,6584,24731,22229,59431,-37202
20241001,4879,5638,-759,31556,6666,24890,21752,61231,-39479
20241004,4371,5502,-1131,31397,6766,24631,22503,59503,-37000
20241007,5420,5773,-353,31762,6487,25275,21579,63725,-42146
20241008,5228,5220,8,31884,6476,25408,19156,60246,-41090
20241009,4737,5357,-620,31862,6340,25522,20073,60523,-40450
20241011,4949,5642,-693,31732,6170,25562,23024,64873,-41849
20241014,4249,5600,-1351,31574,6042,25532,24855,63926,-39071
20241015,4294,6558,-2264,31465,5869,25596,26468,65517,-39049
20241016,3490,4962,-1472,28686,6046,22640,21018,53335,-32317
20241017,3636,5855,-2219,29078,5937,23141,17962,52378,-34416
20241018,3987,8363,-4376,29339,5782,23557,22163,50922,-28759
20241021,4824,7924,-3100,28568,5744,22824,19482,53061,-33579
20241022,5436,7578,-2142,28732,5765,22967,17230,52135,-34905
20241023,6106,7000,-894,28289,5754,22535,16406,52501,-36095
20241024,6714,7092,-378,27953,5893,22060,15510,51021,-35511
20241025,6286,6955,-669,28197,5794,22403,15950,53442,-37492
20241028,6841,7084,-243,28137,5837,22300,14951,55293,-40342
20241029,7913,7172,741,28785,6130,22655,14455,55329,-40874
20241030,6996,7393,-397,28952,6133,22819,15606,54381,-38775
20241101,6778,6890,-112,29781,6099,23682,14375,53651,-39276
20241104,6649,7164,-515,30423,5940,24483,14602,53719,-39117
20241105,6758,7227,-469,31330,6178,25152,13110,54416,-41306
20241106,7722,6864,858,31831,6296,25535,12109,56734,-44625
20241107,7683,6977,706,31814,6114,25700,12193,58139,-45946
20241108,7683,6977,706,31814,6114,25700,12193,58139,-45946
20241112,8806,6556,2250,31617,6039,25578,10275,61973,-51698
20241114,8288,5529,2759,32111,5967,26144,11433,58681,-47248
20241118,6647,5060,1587,32550,6103,26447,14451,61034,-46583
20241119,4159,5950,-1791,32961,5941,27020,17897,59266,-41369
20241120,4424,5437,-1013,32730,6026,26704,12239,54124,-41885
20241121,4424,5437,-1013,32730,6026,26704,12239,54124,-41885
20241122,3704,6973,-3269,32900,5979,26921,12771,50973,-38202
20241125,4306,7050,-2744,32661,5979,26682,12115,58458,-46343
20241126,4672,6067,-1395,31976,6159,25817,11634,60096,-48462
20241127,4672,6067,-1395,31976,6159,25817,11634,60096,-48462
20241128,4926,5899,-973,33293,6312,26981,12212,59472,-47260
20241202,4821,7147,-2326,33681,6098,27583,15865,53374,-37509
20241204,4611,6622,-2011,33393,5737,27656,13991,52778,-38787
20241205,4611,6622,-2011,33393,5737,27656,13991,52778,-38787
20241206,4733,6283,-1550,33089,5750,27339,14579,52787,-38208
20241210,6029,6913,-884,31951,5854,26097,18172,55562,-37390
20241211,7099,6848,251,31808,5869,25939,19117,59085,-39968
20241213,7839,7670,169,32036,5785,26251,19380,61541,-42161
20241214,7839,7670,169,32036,5785,26251,19380,61541,-42161
20241217,5341,7098,-1757,32052,5729,26323,22263,62025,-39762
20241218,3537,5340,-1803,32052,5729,26323,16620,51338,-34718
20241219,4832,5755,-923,30892,5818,25074,13025,51628,-38603
20241220,4695,5765,-1070,31455,6123,25332,11760,48323,-36563
20241224,3172,7400,-4228,31798,5879,25919,13465,46411,-32946
20241226,3455,6037,-2582,31632,5785,25847,12625,49498,-36873
20241228,3070,5988,-2918,31807,5764,26043,13611,50076,-36465
20241231,4516,5404,-888,31352,5858,25494,10700,52464,-41764
20250103,6301,5365,936,31482,6031,25451,9023,52279,-43256
20250109,4990,6447,-1457,30748,5403,25345,17576,55028,-37452
20250110,5867,6271,-404,30753,5506,25247,15158,57106,-41948
20250111,5867,6271,-404,30753,5506,25247,15158,57106,-41948
20250113,7129,6247,882,31640,5716,25924,15340,58699,-43359
20250114,6889,5698,1191,31998,5654,26344,13324,55758,-42434
20250115,6324,5167,1157,32008,5750,26258,11383,50800,-39417
20250116,5678,6161,-483,30145,5588,24557,15832,52043,-36211
20250117,5339,6398,-1059,30055,5601,24454,14223,46086,-31863
20250122,4878,5601,-723,29858,5378,24480,15049,48744,-33695
20250206,5310,6632,-1322,30182,5493,24689,18422,49418,-30996
20250213,5940,6143,-203,30125,5576,24549,20320,51784,-31464
20250214,8556,7616,940,30534,5634,24900,20681,55988,-35307
20250217,4986,6366,-1380,29663,5597,24066,24347,53831,-29484
20250219,4945,6359,-1414,29102,5565,23537,26481,55393,-28912
20250220,3285,5352,-2067,29625,5704,23921,22965,47498,-24533
20250221,2771,5646,-2875,30265,5625,24640,22973,48228,-25255
20250226,4471,5190,-719,28893,5852,23041,17957,53289,-35332
20250306,6310,5974,336,33485,5849,27636,14238,54723,-40485
20250307,6257,5179,1078,33065,6004,27061,14205,54663,-40458
20250310,6904,4810,2094,33344,6085,27259,13920,56546,-42626
20250311,7508,4496,3012,34420,6421,27999,13327,59024,-45697
20250313,7830,6235,1595,35628,6565,29063,13337,56746,-43409
20250314,7133,5676,1457,36997,7056,29941,16230,58107,-41877
20250318,6811,7798,-987,37083,6999,30084,21709,60909,-39200
20250319,4870,4530,340,36504,6913,29591,15254,51650,-36396
20250321,4546,4940,-394,36134,6815,29319,14590,50178,-35588
20250324,4534,4665,-131,36083,6819,29264,14104,50165,-36061
20250325,3718,5410,-1692,36176,6752,29424,15641,47521,-31880
20250326,3382,4474,-1092,36059,6753,29306,15683,48699,-33016
20250327,4514,5473,-959,36020,6956,29064,14125,50539,-36414
20250328,5161,5326,-165,36354,7478,28876,13875,50572,-36697
20250401,4499,5726,-1227,37940,7734,30206,17363,46748,-29385
20250402,4980,6571,-1591,37531,7731,29800,19514,43799,-24285
20250407,4603,6455,-1852,37531,7731,29800,18576,43727,-25151
20250408,5590,4658,932,38117,10461,27656,18277,48354,-30077
20250409,6784,4426,2358,38173,10848,27325,19331,47202,-27871
20250410,6539,5543,996,38153,10848,27305,23058,45708,-22650
20250411,5202,6679,-1477,40309,7678,32631,24440,47988,-23548
20250414,6752,7715,-963,41504,8571,32933,22815,46698,-23883
20250415,6706,8264,-1558,42950,9271,33679,27727,50125,-22398
20250416,4663,3492,1171,44921,11518,33403,16129,44854,-28725
20250417,4595,3586,1009,46079,11524,34555,15129,44999,-29870
20250418,4484,3475,1009,46229,11673,34556,16261,45323,-29062
20250421,4583,4009,574,45876,12010,33866,18650,45220,-26570
20250422,5090,3816,1274,41910,11691,30219,20010,47141,-27131
20250423,5090,3816,1274,41910,11691,30219,20010,47141,-27131
20250424,4998,4306,692,43225,9952,33273,18921,46279,-27358
20250425,4995,5129,-134,42775,8631,34144,20681,44379,-23698
20250428,5153,4890,263,42526,8520,34006,19042,43812,-24770
20250429,5481,4952,529,42764,8328,34436,19183,44549,-25366
20250430,4941,5224,-283,42969,8603,34366,18881,41611,-22730
20250502,4977,6582,-1605,43453,8097,35356,20118,43031,-22913
20250505,5599,5938,-339,44767,8932,35835,17950,44109,-26159
